((1 (661 227) (29 11))
(2 (391 45) (27 20))
(3 (467 241) (23 12))
(4 (120 334) (18 28))
(5 (671 406) (28 16))
(6 (422 790) (23 12))
(7 (321 868) (13 17))
(8 (509 931) (11 20))
(9 (362 833) (26 20))
(10 (968 503) (27 16))
(11 (479 146) (26 25))
(12 (269 129) (25 14))
(13 (78 880) (25 17))
(14 (141 545) (11 16))
(15 (765 139) (21 29))
(16 (609 202) (13 16))
(17 (582 471) (22 21))
(18 (587 65) (10 17))
(19 (979 416) (18 23))
(20 (904 488) (16 26))
(21 (601 930) (12 23))
(22 (561 647) (24 26))
(23 (814 263) (18 27))
(24 (576 362) (20 18))
(25 (153 177) (11 18))
(26 (128 252) (25 18))
(27 (522 934) (20 13))
(28 (781 779) (11 25))
(29 (668 723) (22 28))
(30 (486 100) (16 13))
(31 (591 470) (27 16))
(32 (142 531) (18 15))
(33 (732 362) (24 10))
(34 (951 773) (28 27))
(35 (383 901) (15 23))
(36 (269 710) (20 10))
(37 (395 572) (17 18))
(38 (840 314) (19 14))
(39 (586 939) (20 15))
(40 (252 876) (16 29))
(41 (405 303) (10 11))
(42 (688 462) (27 20))
(43 (18 345) (24 22))
(44 (837 439) (24 22))
(45 (916 32) (27 11))
(46 (629 237) (24 10))
(47 (527 477) (20 15))
(48 (264 798) (29 14))
(49 (368 236) (29 26))
(50 (913 643) (13 18))
(51 (547 923) (24 10))
(52 (873 690) (22 20))
(53 (535 506) (3 10))
(54 (632 282) (10 13))
(55 (103 669) (26 24))
(56 (271 317) (3 3))
(57 (391 863) (22 16))
(58 (511 164) (17 20))
(59 (936 259) (26 24))
(60 (844 927) (23 29))
(61 (968 814) (16 24))
(62 (650 478) (13 16))
(63 (226 896) (22 15))
(64 (930 165) (26 23))
(65 (287 885) (25 24))
(66 (948 620) (22 21))
(67 (726 843) (20 27))
(68 (10 425) (14 16))
(69 (318 574) (11 26))
(70 (623 639) (14 23))
(71 (449 426) (28 15))
(72 (727 691) (23 22))
(73 (535 120) (16 21))
(74 (490 348) (13 29))
(75 (588 653) (5 7))
(76 (345 588) (13 26))
(77 (637 523) (21 22))
(78 (749 374) (25 20))
(79 (523 256) (14 19))
(80 (72 395) (15 26))
(81 (580 845) (12 26))
(82 (377 462) (10 19))
(83 (686 21) (21 11))
(84 (882 745) (20 10))
(85 (525 162) (13 18))
(86 (355 27) (11 29))
(87 (818 943) (17 26))
(88 (863 143) (16 27))
(89 (980 632) (10 16))
(90 (376 804) (17 28))
(91 (584 548) (10 18))
(92 (273 455) (11 25))
(93 (13 347) (11 15))
(94 (167 34) (29 23))
(95 (405 203) (14 22))
(96 (214 395) (14 29))
(97 (513 356) (22 25))
(98 (406 802) (24 12))
(99 (506 941) (10 27))
(100 (737 6) (10 24))
(101 (217 478) (26 11))
(102 (912 86) (25 26))
(103 (388 495) (15 12))
(104 (924 804) (10 11))
(105 (335 646) (28 27))
(106 (739 71) (12 16))
(107 (600 87) (15 13))
(108 (93 360) (22 22))
(109 (656 616) (23 18))
(110 (9 457) (29 14))
(111 (965 620) (19 14))
(112 (343 26) (23 13))
(113 (279 72) (17 16))
(114 (789 653) (13 20))
(115 (199 211) (16 23))
(116 (529 849) (24 23))
(117 (975 605) (13 16))
(118 (749 907) (24 24))
(119 (641 318) (26 12))
(120 (299 356) (16 5))
(121 (745 897) (20 27))
(122 (308 476) (10 28))
(123 (838 835) (28 14))
(124 (315 697) (17 17))
(125 (896 654) (26 29))
(126 (83 115) (19 14))
(127 (872 71) (16 15))
(128 (722 846) (27 14))
(129 (34 807) (22 28))
(130 (718 523) (12 24))
(131 (852 276) (10 25))
(132 (823 716) (22 15))
(133 (297 352) (23 13))
(134 (348 818) (21 29))
(135 (444 538) (13 21))
(136 (670 588) (25 28))
(137 (669 391) (20 12))
(138 (416 799) (22 11))
(139 (126 931) (25 10))
(140 (667 310) (26 26))
(141 (770 497) (18 27))
(142 (718 575) (10 28))
(143 (734 793) (16 24))
(144 (190 687) (28 29))
(145 (155 917) (13 29))
(146 (479 336) (22 23))
(147 (476 28) (22 16))
(148 (902 551) (17 17))
(149 (173 711) (22 18))
(150 (268 468) (19 20))
(151 (89 73) (11 18))
(152 (122 400) (10 10))
(153 (684 306) (18 10))
(154 (537 83) (4 20))
(155 (512 638) (27 16))
(156 (184 753) (24 26))
(157 (844 376) (27 14))
(158 (423 741) (21 19))
(159 (47 171) (17 23))
(160 (153 362) (20 28))
(161 (437 744) (12 29))
(162 (329 325) (14 18))
(163 (736 80) (24 23))
(164 (892 397) (19 12))
(165 (287 735) (18 18))
(166 (341 592) (26 29))
(167 (814 843) (15 24))
(168 (599 99) (21 21))
(169 (907 356) (11 13))
(170 (389 581) (17 13))
(171 (760 314) (22 13))
(172 (201 830) (26 16))
(173 (974 456) (24 27))
(174 (734 8) (29 23))
(175 (365 716) (21 29))
(176 (979 525) (17 21))
(177 (375 143) (24 11))
(178 (607 79) (23 14))
(179 (345 343) (19 11))
(180 (695 816) (10 29))
(181 (600 24) (10 22))
(182 (321 769) (26 23))
(183 (749 677) (20 26))
(184 (589 400) (19 24))
(185 (129 685) (18 11))
(186 (181 961) (22 19))
(187 (631 260) (11 23))
(188 (910 766) (21 27))
(189 (270 690) (10 18))
(190 (299 74) (19 25))
(191 (97 340) (23 29))
(192 (361 595) (23 19))
(193 (483 514) (12 11))
(194 (428 941) (27 19))
(195 (56 213) (28 25))
(196 (166 786) (28 29))
(197 (773 503) (15 13))
(198 (370 10) (18 26))
(199 (319 551) (28 20))
(200 (677 596) (10 22))
(201 (651 26) (24 21))
(202 (71 536) (25 21))
(203 (220 48) (23 16))
(204 (104 38) (16 14))
(205 (503 388) (10 19))
(206 (610 829) (16 12))
(207 (926 772) (23 14))
(208 (548 69) (26 13))
(209 (535 293) (26 12))
(210 (411 767) (23 25))
(211 (306 230) (24 25))
(212 (338 429) (26 18))
(213 (781 134) (22 20))
(214 (834 968) (28 19))
(215 (578 182) (21 11))
(216 (851 158) (23 10))
(217 (536 506) (5 5))
(218 (229 804) (16 19))
(219 (766 398) (14 13))
(220 (342 185) (13 15))
(221 (62 83) (10 11))
(222 (31 433) (29 26))
(223 (526 160) (21 17))
(224 (18 574) (16 26))
(225 (625 411) (21 17))
(226 (406 15) (20 29))
(227 (643 864) (11 15))
(228 (472 148) (5 5))
(229 (67 749) (18 27))
(230 (860 389) (24 20))
(231 (261 140) (19 28))
(232 (699 562) (28 12))
(233 (344 131) (16 21))
(234 (363 443) (20 21))
(235 (857 4) (29 19))
(236 (378 845) (21 19))
(237 (151 546) (25 18))
(238 (568 483) (22 10))
(239 (833 799) (23 16))
(240 (623 219) (19 29))
(241 (776 663) (12 24))
(242 (604 247) (15 17))
(243 (933 589) (11 10))
(244 (237 793) (18 25))
(245 (780 661) (23 12))
(246 (881 684) (18 20))
(247 (287 363) (24 13))
(248 (302 558) (11 14))
(249 (691 378) (19 27))
(250 (698 400) (27 24))
(251 (818 773) (10 25))
(252 (94 694) (24 20))
(253 (869 623) (24 12))
(254 (951 529) (19 27))
(255 (468 86) (18 18))
(256 (303 818) (11 22))
(257 (905 923) (21 14))
(258 (901 720) (15 13))
(259 (40 911) (11 27))
(260 (434 790) (14 17))
(261 (373 229) (17 20))
(262 (751 345) (14 14))
(263 (562 199) (25 11))
(264 (133 279) (17 17))
(265 (261 109) (22 22))
(266 (36 831) (20 10))
(267 (512 603) (16 23))
(268 (972 785) (24 21))
(269 (472 627) (22 20))
(270 (576 454) (16 23))
(271 (521 87) (16 18))
(272 (386 911) (13 24))
(273 (201 699) (14 15))
(274 (33 898) (13 28))
(275 (459 33) (15 11))
(276 (362 863) (24 20))
(277 (599 570) (16 16))
(278 (385 299) (15 18))
(279 (676 408) (18 14))
(280 (680 298) (28 23))
(281 (267 66) (15 18))
(282 (635 207) (11 18))
(283 (398 318) (18 28))
(284 (356 111) (16 13))
(285 (137 416) (16 12))
(286 (758 68) (12 29))
(287 (709 701) (19 22))
(288 (862 189) (20 28))
(289 (18 855) (13 18))
(290 (526 81) (24 25))
(291 (740 8) (3 8))
(292 (670 298) (14 21))
(293 (588 755) (14 14))
(294 (414 786) (4 8))
(295 (103 22) (20 17))
(296 (665 82) (20 20))
(297 (957 786) (13 11))
(298 (200 926) (14 26))
(299 (348 694) (29 19))
(300 (461 371) (25 12))
(301 (631 24) (13 25))
(302 (286 380) (24 23))
(303 (331 391) (12 14))
(304 (408 19) (5 20))
(305 (280 448) (16 25))
(306 (408 281) (15 24))
(307 (835 43) (14 22))
(308 (886 340) (27 23))
(309 (308 276) (17 15))
(310 (893 498) (21 24))
(311 (139 132) (20 27))
(312 (138 203) (24 14))
(313 (531 114) (13 25))
(314 (633 543) (29 15))
(315 (550 208) (27 14))
(316 (294 362) (21 17))
(317 (140 702) (9 11))
(318 (929 771) (26 10))
(319 (822 727) (25 13))
(320 (461 227) (23 26))
(321 (324 669) (24 17))
(322 (169 858) (19 17))
(323 (490 942) (17 19))
(324 (537 884) (25 21))
(325 (709 266) (26 25))
(326 (265 867) (24 13))
(327 (269 79) (24 27))
(328 (922 878) (18 17))
(329 (694 319) (11 17))
(330 (524 864) (11 17))
(331 (886 823) (20 10))
(332 (479 153) (7 11))
(333 (161 788) (27 14))
(334 (948 558) (28 25))
(335 (886 592) (12 25))
(336 (779 23) (29 14))
(337 (795 367) (10 15))
(338 (101 532) (4 20))
(339 (671 528) (29 29))
(340 (651 607) (27 20))
(341 (88 833) (17 11))
(342 (346 560) (24 27))
(343 (378 654) (23 10))
(344 (262 506) (29 14))
(345 (108 71) (24 16))
(346 (703 275) (25 29))
(347 (48 86) (28 24))
(348 (399 14) (12 24))
(349 (150 121) (26 24))
(350 (548 709) (28 16))
(351 (65 850) (28 18))
(352 (361 590) (14 13))
(353 (307 400) (23 11))
(354 (656 705) (16 24))
(355 (823 894) (13 16))
(356 (96 367) (21 29))
(357 (653 316) (13 12))
(358 (702 966) (12 18))
(359 (734 84) (21 25))
(360 (511 288) (18 28))
(361 (722 131) (28 16))
(362 (646 701) (24 27))
(363 (633 333) (12 11))
(364 (312 379) (25 15))
(365 (513 364) (16 18))
(366 (661 229) (22 21))
(367 (801 132) (29 12))
(368 (383 902) (14 29))
(369 (817 437) (27 12))
(370 (342 625) (16 28))
(371 (575 858) (26 11))
(372 (671 315) (29 22))
(373 (635 409) (27 17))
(374 (65 5) (23 12))
(375 (2 590) (23 13))
(376 (452 345) (11 22))
(377 (104 967) (19 28))
(378 (470 150) (15 18))
(379 (728 730) (29 21))
(380 (900 125) (13 29))
(381 (283 848) (26 13))
(382 (379 245) (16 17))
(383 (42 754) (26 11))
(384 (292 460) (28 19))
(385 (46 228) (16 14))
(386 (534 291) (11 24))
(387 (407 2) (29 22))
(388 (443 736) (12 20))
(389 (852 869) (19 10))
(390 (607 309) (16 29))
(391 (496 42) (13 10))
(392 (250 689) (21 14))
(393 (296 564) (24 17))
(394 (566 456) (20 29))
(395 (293 743) (27 24))
(396 (180 48) (17 16))
(397 (972 531) (16 17))
(398 (623 775) (23 17))
(399 (611 777) (14 13))
(400 (303 147) (23 20))
(401 (680 707) (28 24))
(402 (384 29) (17 21))
(403 (280 261) (24 15))
(404 (784 633) (11 27))
(405 (366 250) (16 17))
(406 (141 228) (27 19))
(407 (381 872) (12 24))
(408 (633 851) (26 28))
(409 (441 825) (27 29))
(410 (214 255) (17 22))
(411 (213 393) (27 28))
(412 (899 103) (23 23))
(413 (382 48) (28 22))
(414 (508 241) (19 29))
(415 (730 864) (13 17))
(416 (252 73) (29 19))
(417 (481 38) (19 16))
(418 (486 642) (20 10))
(419 (146 680) (15 27))
(420 (548 218) (24 17))
(421 (902 561) (27 13))
(422 (531 434) (22 18))
(423 (595 242) (17 18))
(424 (601 506) (27 14))
(425 (181 869) (15 20))
(426 (93 903) (12 20))
(427 (554 138) (11 26))
(428 (444 835) (15 23))
(429 (117 391) (11 27))
(430 (64 127) (7 5))
(431 (25 75) (24 28))
(432 (19 728) (23 16))
(433 (114 844) (29 18))
(434 (272 134) (3 5))
(435 (970 666) (25 10))
(436 (6 981) (25 10))
(437 (933 15) (14 20))
(438 (829 147) (18 24))
(439 (670 395) (29 25))
(440 (67 296) (26 11))
(441 (308 872) (6 3))
(442 (752 394) (13 12))
(443 (673 904) (16 15))
(444 (234 114) (10 27))
(445 (262 867) (21 18))
(446 (495 49) (13 14))
(447 (370 635) (27 27))
(448 (275 632) (28 13))
(449 (953 556) (27 10))
(450 (771 360) (20 26))
(451 (814 133) (19 23))
(452 (694 800) (28 23))
(453 (885 506) (29 26))
(454 (41 799) (23 20))
(455 (358 267) (21 17))
(456 (386 653) (18 16))
(457 (529 342) (28 21))
(458 (687 483) (10 25))
(459 (774 660) (12 19))
(460 (713 704) (10 17))
(461 (757 366) (11 16))
(462 (479 34) (18 20))
(463 (315 700) (22 18))
(464 (149 366) (12 25))
(465 (57 730) (22 21))
(466 (773 495) (13 18))
(467 (951 618) (10 22))
(468 (367 772) (25 26))
(469 (700 380) (23 14))
(470 (873 807) (19 11))
(471 (282 152) (19 24))
(472 (866 705) (22 29))
(473 (464 54) (11 21))
(474 (164 131) (19 24))
(475 (789 575) (20 16))
(476 (310 86) (28 17))
(477 (768 325) (12 10))
(478 (790 274) (18 27))
(479 (19 430) (22 14))
(480 (42 813) (11 19))
(481 (961 815) (18 23))
(482 (288 947) (16 17))
(483 (958 779) (10 29))
(484 (91 114) (12 24))
(485 (580 471) (14 22))
(486 (399 908) (29 24))
(487 (322 140) (27 16))
(488 (288 914) (4 8))
(489 (377 715) (10 25))
(490 (136 697) (18 24))
(491 (887 810) (16 24))
(492 (941 762) (29 26))
(493 (42 210) (29 24))
(494 (182 332) (14 22))
(495 (123 847) (27 10))
(496 (178 309) (24 23))
(497 (917 668) (28 16))
(498 (521 926) (15 20))
(499 (148 128) (11 23))
(500 (589 76) (13 11))
(501 (783 575) (4 13))
(502 (520 88) (29 10))
(503 (300 827) (29 22))
(504 (641 537) (25 29))
(505 (876 693) (15 13))
(506 (515 879) (28 17))
(507 (485 515) (24 12))
(508 (100 886) (19 10))
(509 (261 851) (23 17))
(510 (678 735) (17 26))
(511 (740 144) (27 12))
(512 (300 609) (25 15))
(513 (924 625) (21 11))
(514 (599 43) (23 16))
(515 (630 17) (25 18))
(516 (366 743) (10 28))
(517 (496 319) (16 13))
(518 (745 667) (24 13))
(519 (494 387) (26 12))
(520 (200 359) (20 16))
(521 (853 373) (21 19))
(522 (329 311) (24 25))
(523 (959 531) (23 22))
(524 (78 358) (23 14))
(525 (223 266) (28 19))
(526 (916 338) (13 20))
(527 (672 331) (19 17))
(528 (750 346) (18 24))
(529 (212 387) (19 20))
(530 (245 804) (11 15))
(531 (867 849) (23 14))
(532 (182 808) (12 22))
(533 (718 719) (29 22))
(534 (120 965) (14 11))
(535 (644 406) (16 23))
(536 (879 575) (14 23))
(537 (529 409) (19 18))
(538 (824 315) (16 23))
(539 (531 502) (18 16))
(540 (657 478) (18 23))
(541 (943 790) (14 15))
(542 (77 741) (25 17))
(543 (665 518) (18 16))
(544 (253 882) (13 6))
(545 (517 735) (18 21))
(546 (123 711) (16 11))
(547 (902 865) (27 28))
(548 (304 383) (19 27))
(549 (790 556) (18 18))
(550 (291 509) (22 29))
(551 (801 452) (10 18))
(552 (188 239) (29 15))
(553 (103 979) (6 4))
(554 (973 98) (27 28))
(555 (948 811) (25 24))
(556 (496 644) (24 26))
(557 (508 326) (10 22))
(558 (764 396) (26 19))
(559 (442 428) (12 14))
(560 (883 976) (10 24))
(561 (168 556) (19 23))
(562 (965 569) (26 19))
(563 (640 800) (16 28))
(564 (471 535) (11 18))
(565 (595 444) (5 5))
(566 (629 455) (23 17))
(567 (639 870) (17 5))
(568 (204 781) (25 22))
(569 (313 812) (11 25))
(570 (246 591) (25 26))
(571 (388 879) (13 16))
(572 (408 854) (18 22))
(573 (497 933) (17 28))
(574 (224 278) (26 22))
(575 (35 812) (10 23))
(576 (347 631) (28 27))
(577 (854 145) (14 22))
(578 (171 515) (29 11))
(579 (413 872) (5 7))
(580 (740 8) (24 11))
(581 (700 571) (12 24))
(582 (64 694) (21 25))
(583 (648 327) (12 25))
(584 (546 318) (26 18))
(585 (959 432) (28 29))
(586 (853 580) (17 29))
(587 (11 353) (15 14))
(588 (152 901) (24 22))
(589 (584 394) (15 14))
(590 (291 741) (19 18))
(591 (11 451) (24 13))
(592 (395 40) (11 21))
(593 (107 278) (22 26))
(594 (437 853) (26 25))
(595 (793 125) (23 26))
(596 (521 153) (10 29))
(597 (566 627) (18 19))
(598 (492 101) (19 17))
(599 (239 506) (11 21))
(600 (25 433) (11 4))
(601 (977 488) (12 24))
(602 (537 669) (29 13))
(603 (368 503) (6 11))
(604 (789 516) (19 12))
(605 (247 318) (18 28))
(606 (20 186) (27 25))
(607 (882 732) (21 11))
(608 (26 633) (10 12))
(609 (101 826) (26 24))
(610 (17 644) (27 19))
(611 (727 881) (23 19))
(612 (955 436) (24 24))
(613 (545 429) (19 13))
(614 (438 304) (16 11))
(615 (587 567) (14 18))
(616 (108 862) (11 29))
(617 (307 270) (18 14))
(618 (242 255) (25 13))
(619 (490 365) (25 23))
(620 (752 94) (11 12))
(621 (844 848) (26 11))
(622 (846 436) (17 15))
(623 (185 30) (14 23))
(624 (668 232) (21 13))
(625 (294 329) (23 15))
(626 (492 35) (13 18))
(627 (232 909) (4 8))
(628 (278 169) (29 10))
(629 (829 885) (22 21))
(630 (961 608) (27 13))
(631 (375 227) (19 19))
(632 (131 235) (20 10))
(633 (621 891) (12 10))
(634 (141 684) (14 22))
(635 (450 846) (29 13))
(636 (403 579) (12 23))
(637 (900 549) (22 22))
(638 (858 369) (17 11))
(639 (166 116) (24 29))
(640 (640 539) (12 12))
(641 (461 821) (18 11))
(642 (692 744) (27 29))
(643 (521 286) (24 21))
(644 (920 554) (29 14))
(645 (625 876) (24 23))
(646 (568 902) (28 10))
(647 (270 695) (18 15))
(648 (466 929) (23 19))
(649 (566 852) (15 18))
(650 (97 913) (22 16))
(651 (598 111) (17 17))
(652 (681 22) (16 19))
(653 (350 822) (12 17))
(654 (314 676) (13 11))
(655 (211 115) (12 16))
(656 (854 290) (18 11))
(657 (890 566) (27 14))
(658 (465 220) (15 11))
(659 (814 838) (14 11))
(660 (297 278) (15 26))
(661 (479 544) (15 29))
(662 (251 880) (20 13))
(663 (728 250) (24 17))
(664 (768 867) (10 28))
(665 (964 79) (22 20))
(666 (194 56) (10 29))
(667 (523 403) (27 28))
(668 (104 409) (27 22))
(669 (786 631) (10 16))
(670 (514 859) (22 20))
(671 (357 134) (19 17))
(672 (160 504) (26 25))
(673 (80 548) (28 17))
(674 (617 628) (19 13))
(675 (849 317) (23 19))
(676 (889 569) (10 10))
(677 (238 156) (29 12))
(678 (292 954) (24 11))
(679 (875 909) (23 15))
(680 (722 592) (23 27))
(681 (375 287) (29 24))
(682 (690 417) (15 12))
(683 (766 67) (18 20))
(684 (686 895) (14 21))
(685 (616 89) (13 23))
(686 (395 105) (20 24))
(687 (624 541) (12 20))
(688 (663 413) (14 25))
(689 (226 804) (29 29))
(690 (724 219) (29 28))
(691 (245 609) (22 18))
(692 (402 207) (27 26))
(693 (640 441) (24 24))
(694 (529 951) (28 29))
(695 (402 941) (26 12))
(696 (719 599) (13 27))
(697 (125 367) (14 13))
(698 (740 226) (19 20))
(699 (559 466) (21 10))
(700 (899 167) (13 14))
(701 (616 514) (14 29))
(702 (787 556) (17 6))
(703 (336 170) (16 23))
(704 (444 115) (26 24))
(705 (908 767) (19 24))
(706 (411 937) (17 23))
(707 (601 463) (19 13))
(708 (105 305) (26 13))
(709 (711 736) (11 24))
(710 (2 463) (13 28))
(711 (878 829) (27 16))
(712 (385 448) (27 15))
(713 (203 393) (24 23))
(714 (274 325) (10 24))
(715 (198 975) (16 11))
(716 (52 660) (10 16))
(717 (239 583) (12 26))
(718 (299 277) (21 22))
(719 (121 287) (27 10))
(720 (578 464) (24 23))
(721 (57 149) (14 23))
(722 (808 150) (26 10))
(723 (249 476) (27 25))
(724 (933 76) (12 29))
(725 (156 913) (12 19))
(726 (950 778) (27 17))
(727 (963 863) (27 12))
(728 (115 809) (14 17))
(729 (263 636) (18 25))
(730 (281 278) (22 17))
(731 (598 151) (29 28))
(732 (948 678) (19 16))
(733 (343 779) (10 19))
(734 (40 65) (16 11))
(735 (968 207) (12 28))
(736 (852 919) (24 17))
(737 (288 793) (11 10))
(738 (591 720) (13 11))
(739 (700 419) (17 28))
(740 (98 718) (15 27))
(741 (330 555) (20 28))
(742 (198 636) (27 14))
(743 (134 234) (10 12))
(744 (648 687) (11 13))
(745 (585 571) (12 14))
(746 (715 784) (24 21))
(747 (334 17) (18 14))
(748 (880 610) (11 18))
(749 (290 504) (22 25))
(750 (168 273) (28 13))
(751 (672 395) (11 3))
(752 (293 810) (12 23))
(753 (642 437) (23 27))
(754 (708 955) (15 28))
(755 (601 82) (22 10))
(756 (381 202) (25 25))
(757 (319 148) (13 12))
(758 (398 312) (19 27))
(759 (80 398) (15 15))
(760 (406 381) (15 23))
(761 (949 354) (28 13))
(762 (900 88) (18 11))
(763 (812 123) (24 15))
(764 (793 287) (26 13))
(765 (195 755) (23 18))
(766 (791 653) (22 13))
(767 (622 825) (13 11))
(768 (328 230) (14 22))
(769 (788 766) (10 14))
(770 (4 121) (20 18))
(771 (168 248) (25 10))
(772 (661 602) (10 11))
(773 (338 576) (27 25))
(774 (357 595) (14 26))
(775 (565 66) (15 23))
(776 (941 447) (28 12))
(777 (866 416) (13 24))
(778 (855 373) (10 17))
(779 (765 501) (23 12))
(780 (276 922) (13 10))
(781 (276 95) (16 18))
(782 (617 193) (13 18))
(783 (920 772) (28 14))
(784 (34 654) (15 16))
(785 (223 836) (20 17))
(786 (620 232) (25 28))
(787 (785 426) (12 15))
(788 (556 758) (25 18))
(789 (859 937) (10 16))
(790 (328 93) (14 26))
(791 (486 671) (12 23))
(792 (120 299) (26 18))
(793 (214 266) (17 24))
(794 (357 263) (11 24))
(795 (413 403) (21 11))
(796 (678 948) (11 28))
(797 (887 967) (11 16))
(798 (140 833) (11 22))
(799 (476 823) (15 13))
(800 (27 66) (20 24))
(801 (943 449) (18 15))
(802 (838 165) (29 17))
(803 (811 951) (23 13))
(804 (625 32) (18 15))
(805 (469 30) (13 19))
(806 (287 601) (26 17))
(807 (370 919) (23 17))
(808 (251 740) (28 12))
(809 (566 93) (26 11))
(810 (101 976) (11 12))
(811 (443 932) (25 11))
(812 (163 291) (21 14))
(813 (837 268) (18 11))
(814 (395 464) (17 12))
(815 (549 851) (17 28))
(816 (645 803) (25 19))
(817 (928 807) (21 10))
(818 (831 869) (26 16))
(819 (882 366) (17 20))
(820 (752 313) (17 14))
(821 (640 318) (11 23))
(822 (201 302) (14 19))
(823 (40 358) (26 27))
(824 (574 370) (18 22))
(825 (90 42) (27 12))
(826 (824 905) (21 21))
(827 (663 473) (17 28))
(828 (893 432) (28 26))
(829 (287 131) (26 26))
(830 (792 572) (25 14))
(831 (722 966) (17 14))
(832 (542 927) (20 26))
(833 (626 619) (11 21))
(834 (370 758) (29 21))
(835 (488 671) (18 14))
(836 (220 98) (22 25))
(837 (11 894) (12 24))
(838 (406 868) (22 21))
(839 (474 240) (20 13))
(840 (656 526) (20 18))
(841 (258 487) (25 28))
(842 (469 143) (23 16))
(843 (276 701) (11 20))
(844 (620 698) (11 11))
(845 (302 516) (15 25))
(846 (584 651) (22 13))
(847 (666 371) (13 20))
(848 (636 315) (25 23))
(849 (882 689) (15 16))
(850 (337 568) (16 18))
(851 (932 590) (13 19))
(852 (622 419) (18 12))
(853 (144 741) (20 19))
(854 (263 640) (24 14))
(855 (398 307) (20 11))
(856 (232 513) (13 13))
(857 (648 631) (10 11))
(858 (879 831) (10 23))
(859 (553 473) (24 27))
(860 (15 592) (20 10))
(861 (852 363) (12 16))
(862 (676 386) (20 13))
(863 (8 740) (26 25))
(864 (52 80) (11 25))
(865 (190 815) (14 26))
(866 (724 342) (14 26))
(867 (93 13) (20 23))
(868 (541 88) (29 16))
(869 (693 283) (20 10))
(870 (779 658) (10 23))
(871 (527 155) (20 15))
(872 (273 302) (22 24))
(873 (307 884) (29 13))
(874 (188 377) (28 17))
(875 (393 870) (16 28))
(876 (18 431) (16 15))
(877 (525 170) (11 13))
(878 (528 175) (15 14))
(879 (955 425) (19 23))
(880 (239 802) (25 28))
(881 (255 70) (20 11))
(882 (356 653) (20 20))
(883 (943 189) (25 20))
(884 (912 41) (13 28))
(885 (882 628) (17 15))
(886 (34 894) (20 24))
(887 (969 845) (24 21))
(888 (429 777) (21 27))
(889 (981 3) (13 10))
(890 (436 134) (25 10))
(891 (218 612) (29 15))
(892 (816 65) (21 14))
(893 (24 602) (10 14))
(894 (868 971) (14 24))
(895 (974 610) (18 14))
(896 (569 559) (25 22))
(897 (321 591) (14 12))
(898 (486 32) (12 26))
(899 (328 575) (10 10))
(900 (883 667) (16 18))
(901 (893 739) (10 11))
(902 (845 135) (17 18))
(903 (737 78) (11 16))
(904 (329 702) (20 21))
(905 (463 51) (26 15))
(906 (109 295) (12 23))
(907 (947 219) (28 11))
(908 (642 511) (17 19))
(909 (636 366) (26 10))
(910 (719 388) (14 13))
(911 (915 185) (29 17))
(912 (952 166) (14 28))
(913 (97 72) (22 14))
(914 (83 711) (26 13))
(915 (129 359) (29 16))
(916 (914 100) (22 23))
(917 (395 244) (20 21))
(918 (524 755) (18 26))
(919 (602 422) (16 26))
(920 (181 104) (29 16))
(921 (725 849) (19 7))
(922 (154 630) (13 20))
(923 (791 280) (18 14))
(924 (825 118) (17 21))
(925 (476 151) (14 18))
(926 (17 913) (12 23))
(927 (698 957) (22 13))
(928 (278 843) (23 11))
(929 (968 10) (14 11))
(930 (271 638) (20 11))
(931 (52 667) (26 15))
(932 (142 716) (12 26))
(933 (91 78) (27 19))
(934 (179 797) (27 12))
(935 (493 530) (11 24))
(936 (250 645) (9 10))
(937 (377 907) (15 11))
(938 (945 789) (11 15))
(939 (782 628) (15 12))
(940 (450 65) (24 27))
(941 (32 796) (16 10))
(942 (959 623) (25 24))
(943 (612 441) (11 25))
(944 (233 785) (17 29))
(945 (263 315) (17 10))
(946 (284 581) (10 17))
(947 (298 262) (18 29))
(948 (901 68) (23 11))
(949 (383 566) (18 15))
(950 (367 174) (22 14))
(951 (667 881) (26 10))
(952 (641 643) (26 10))
(953 (598 37) (10 12))
(954 (717 667) (13 16))
(955 (375 557) (10 23))
(956 (836 405) (26 15))
(957 (913 651) (15 10))
(958 (257 861) (27 15))
(959 (844 802) (17 19))
(960 (872 138) (27 18))
(961 (524 892) (27 16))
(962 (771 114) (17 25))
(963 (737 729) (11 18))
(964 (509 24) (20 14))
(965 (95 503) (28 15))
(966 (56 575) (11 25))
(967 (633 26) (8 20))
(968 (661 390) (10 16))
(969 (176 336) (21 16))
(970 (909 91) (14 27))
(971 (867 73) (14 15))
(972 (142 559) (23 23))
(973 (545 341) (27 26))
(974 (46 53) (16 17))
(975 (124 856) (27 22))
(976 (354 308) (22 19))
(977 (202 639) (12 7))
(978 (616 419) (26 26))
(979 (741 602) (25 11))
(980 (689 474) (26 23))
(981 (975 580) (10 22))
(982 (859 812) (24 20))
(983 (119 469) (18 18))
(984 (720 656) (27 22))
(985 (508 402) (19 19))
(986 (700 717) (25 24))
(987 (877 973) (10 15))
(988 (329 85) (29 15))
(989 (845 572) (25 14))
(990 (529 964) (10 13))
(991 (199 758) (23 20))
(992 (631 691) (24 10))
(993 (770 570) (22 24))
(994 (916 627) (21 16))
(995 (315 479) (11 28))
(996 (203 520) (17 22))
(997 (519 349) (14 20))
(998 (130 719) (12 17))
(999 (836 304) (26 17))
(1000 (809 321) (28 19))
(1001 (206 912) (23 21))
(1002 (24 854) (26 24))
(1003 (180 672) (26 23))
(1004 (265 831) (29 25))
(1005 (577 767) (22 19))
(1006 (660 327) (28 25))
(1007 (167 310) (16 29))
(1008 (907 212) (29 29))
(1009 (618 323) (28 12))
(1010 (692 448) (27 27))
(1011 (682 232) (23 19))
(1012 (305 328) (22 25))
(1013 (408 476) (23 12))
(1014 (269 478) (19 19))
(1015 (460 59) (17 21))
(1016 (722 739) (29 14))
(1017 (768 645) (29 11))
(1018 (406 951) (27 14))
(1019 (776 557) (21 23))
(1020 (729 952) (23 23))
(1021 (499 31) (11 23))
(1022 (210 781) (15 16))
(1023 (503 308) (12 26))
(1024 (665 651) (12 22))
(1025 (650 375) (17 13))
(1026 (288 687) (23 18))
(1027 (740 221) (20 17))
(1028 (266 699) (11 25))
(1029 (163 796) (15 10))
(1030 (542 730) (13 29))
(1031 (365 120) (16 17))
(1032 (368 643) (29 18))
(1033 (941 821) (20 21))
(1034 (384 123) (12 21))
(1035 (935 338) (19 19))
(1036 (664 882) (13 17))
(1037 (414 2) (10 11))
(1038 (768 632) (20 14))
(1039 (189 349) (12 14))
(1040 (168 282) (29 26))
(1041 (913 98) (6 13))
(1042 (642 40) (21 23))
(1043 (504 0) (17 28))
(1044 (87 847) (24 20))
(1045 (893 638) (21 12))
(1046 (509 175) (26 10))
(1047 (462 354) (15 28))
(1048 (851 315) (14 16))
(1049 (468 821) (20 12))
(1050 (114 470) (13 28))
(1051 (213 546) (14 11))
(1052 (240 341) (20 15))
(1053 (196 249) (28 14))
(1054 (268 112) (17 23))
(1055 (120 610) (27 22))
(1056 (179 367) (14 15))
(1057 (523 639) (11 25))
(1058 (332 616) (22 25))
(1059 (143 646) (25 12))
(1060 (529 718) (27 13))
(1061 (44 903) (21 27))
(1062 (65 738) (14 12))
(1063 (92 179) (13 26))
(1064 (276 267) (29 18))
(1065 (797 518) (25 11))
(1066 (368 905) (29 22))
(1067 (785 554) (26 11))
(1068 (768 651) (20 19))
(1069 (749 350) (13 12))
(1070 (484 818) (13 15))
(1071 (213 198) (16 16))
(1072 (466 72) (15 26))
(1073 (599 700) (28 21))
(1074 (9 980) (15 14))
(1075 (385 783) (25 21))
(1076 (461 629) (25 25))
(1077 (787 19) (11 11))
(1078 (774 359) (28 18))
(1079 (157 930) (17 18))
(1080 (283 700) (16 25))
(1081 (177 674) (16 13))
(1082 (358 165) (14 13))
(1083 (560 272) (28 28))
(1084 (142 349) (29 27))
(1085 (539 890) (14 29))
(1086 (921 651) (14 25))
(1087 (876 151) (14 16))
(1088 (637 867) (23 13))
(1089 (699 294) (26 24))
(1090 (199 525) (20 15))
(1091 (372 14) (13 18))
(1092 (958 533) (22 29))
(1093 (607 12) (19 16))
(1094 (61 288) (23 14))
(1095 (200 231) (22 24))
(1096 (845 972) (27 23))
(1097 (847 508) (13 16))
(1098 (203 417) (13 14))
(1099 (413 291) (13 15))
(1100 (435 921) (20 16))
(1101 (403 888) (13 26))
(1102 (145 677) (18 10))
(1103 (18 594) (12 10))
(1104 (536 123) (16 14))
(1105 (719 278) (14 17))
(1106 (616 652) (15 25))
(1107 (529 445) (27 13))
(1108 (516 600) (12 19))
(1109 (403 45) (27 29))
(1110 (23 173) (17 17))
(1111 (763 604) (27 14))
(1112 (33 77) (28 10))
(1113 (265 596) (27 19))
(1114 (44 671) (25 11))
(1115 (619 162) (25 24))
(1116 (318 14) (20 12))
(1117 (477 249) (27 28))
(1118 (369 787) (21 29))
(1119 (146 389) (23 29))
(1120 (767 643) (12 26))
(1121 (674 299) (27 11))
(1122 (585 606) (21 16))
(1123 (196 624) (14 10))
(1124 (304 700) (12 28))
(1125 (385 635) (14 23))
(1126 (114 682) (12 17))
(1127 (213 272) (28 22))
(1128 (523 116) (20 14))
(1129 (622 332) (14 10))
(1130 (387 491) (18 23))
(1131 (334 903) (18 12))
(1132 (412 784) (16 13))
(1133 (508 939) (29 14))
(1134 (275 741) (25 25))
(1135 (535 414) (9 3))
(1136 (928 438) (22 20))
(1137 (581 439) (23 26))
(1138 (826 318) (28 22))
(1139 (120 798) (13 15))
(1140 (842 505) (27 28))
(1141 (758 386) (14 24))
(1142 (851 334) (18 27))
(1143 (358 421) (25 24))
(1144 (90 878) (27 15))
(1145 (281 631) (21 13))
(1146 (741 92) (24 22))
(1147 (114 493) (27 29))
(1148 (856 412) (16 14))
(1149 (111 866) (19 20))
(1150 (31 647) (28 26))
(1151 (52 211) (23 28))
(1152 (496 643) (26 20))
(1153 (973 296) (16 20))
(1154 (962 575) (23 11))
(1155 (157 382) (27 16))
(1156 (123 801) (15 26))
(1157 (115 884) (17 27))
(1158 (102 857) (12 12))
(1159 (237 280) (10 13))
(1160 (404 448) (22 28))
(1161 (50 590) (25 25))
(1162 (848 364) (26 13))
(1163 (850 439) (7 8))
(1164 (676 610) (23 13))
(1165 (394 475) (19 27))
(1166 (297 684) (23 18))
(1167 (314 494) (19 24))
(1168 (542 464) (11 19))
(1169 (732 238) (10 19))
(1170 (242 634) (26 27))
(1171 (549 845) (20 25))
(1172 (208 608) (14 25))
(1173 (494 650) (17 11))
(1174 (550 194) (13 16))
(1175 (957 792) (18 10))
(1176 (836 65) (11 20))
(1177 (910 417) (22 26))
(1178 (479 367) (19 11))
(1179 (344 257) (27 26))
(1180 (477 236) (19 15))
(1181 (414 458) (27 28))
(1182 (738 10) (26 17))
(1183 (401 618) (12 23))
(1184 (390 301) (6 13))
(1185 (174 768) (27 14))
(1186 (378 139) (28 18))
(1187 (542 160) (18 23))
(1188 (675 408) (27 15))
(1189 (532 660) (26 19))
(1190 (62 125) (14 15))
(1191 (301 495) (23 17))
(1192 (286 907) (10 24))
(1193 (267 688) (10 28))
(1194 (567 464) (27 26))
(1195 (724 514) (24 19))
(1196 (269 962) (20 21))
(1197 (192 925) (28 26))
(1198 (190 600) (14 10))
(1199 (66 823) (25 12))
(1200 (648 490) (18 11))
(1201 (692 814) (12 18))
(1202 (850 191) (13 11))
(1203 (592 705) (15 18))
(1204 (169 127) (16 18))
(1205 (284 79) (16 28))
(1206 (839 61) (25 18))
(1207 (220 904) (25 18))
(1208 (114 251) (24 14))
(1209 (108 918) (23 19))
(1210 (589 891) (19 23))
(1211 (137 313) (10 17))
(1212 (335 907) (15 19))
(1213 (438 297) (29 19))
(1214 (268 845) (16 29))
(1215 (756 319) (13 22))
(1216 (649 505) (12 19))
(1217 (858 274) (21 21))
(1218 (228 104) (26 20))
(1219 (383 473) (22 15))
(1220 (653 426) (10 10))
(1221 (434 744) (27 15))
(1222 (548 578) (25 27))
(1223 (534 438) (11 29))
(1224 (503 647) (27 20))
(1225 (99 528) (18 29))
(1226 (167 569) (22 26))
(1227 (894 557) (14 19))
(1228 (208 522) (10 25))
(1229 (62 0) (25 20))
(1230 (741 4) (12 21))
(1231 (78 197) (25 15))
(1232 (278 614) (18 22))
(1233 (984 301) (10 19))
(1234 (915 337) (29 11))
(1235 (598 187) (24 16))
(1236 (946 539) (21 13))
(1237 (137 281) (3 12))
(1238 (813 328) (21 26))
(1239 (453 531) (25 11))
(1240 (432 428) (23 17))
(1241 (813 907) (26 23))
(1242 (585 560) (15 13))
(1243 (827 151) (10 19))
(1244 (520 363) (12 26))
(1245 (757 894) (23 22))
(1246 (787 436) (22 19))
(1247 (278 685) (14 29))
(1248 (358 347) (23 16))
(1249 (181 722) (15 13))
(1250 (820 143) (18 12))
(1251 (587 611) (26 12))
(1252 (684 809) (15 13))
(1253 (496 530) (10 12))
(1254 (303 500) (16 7))
(1255 (263 925) (22 24))
(1256 (656 624) (18 23))
(1257 (239 42) (19 27))
(1258 (695 557) (13 16))
(1259 (55 689) (27 15))
(1260 (228 478) (19 16))
(1261 (650 76) (17 10))
(1262 (212 899) (17 17))
(1263 (501 362) (11 22))
(1264 (711 419) (11 12))
(1265 (262 691) (19 21))
(1266 (1 118) (29 25))
(1267 (545 599) (19 13))
(1268 (379 219) (29 20))
(1269 (542 669) (12 22))
(1270 (481 85) (14 12))
(1271 (318 844) (12 27))
(1272 (261 236) (14 29))
(1273 (256 745) (10 14))
(1274 (562 618) (21 21))
(1275 (391 246) (14 10))
(1276 (695 586) (20 17))
(1277 (123 601) (15 17))
(1278 (770 883) (27 14))
(1279 (841 150) (27 18))
(1280 (788 430) (5 7))
(1281 (708 978) (29 13))
(1282 (150 185) (26 19))
(1283 (110 383) (11 21))
(1284 (306 864) (11 18))
(1285 (954 569) (23 10))
(1286 (650 417) (14 28))
(1287 (450 420) (15 13))
(1288 (380 455) (29 17))
(1289 (486 338) (14 11))
(1290 (852 142) (26 26))
(1291 (114 494) (12 15))
(1292 (242 621) (11 17))
(1293 (717 586) (10 10))
(1294 (281 832) (16 19))
(1295 (898 511) (18 12))
(1296 (894 703) (11 19))
(1297 (508 414) (16 17))
(1298 (788 777) (10 18))
(1299 (919 278) (19 12))
(1300 (964 659) (28 10))
(1301 (62 670) (20 20))
(1302 (677 947) (11 12))
(1303 (259 693) (23 29))
(1304 (460 349) (15 27))
(1305 (905 235) (23 16))
(1306 (174 586) (20 20))
(1307 (909 910) (23 19))
(1308 (1 594) (28 10))
(1309 (553 308) (10 29))
(1310 (363 497) (23 26))
(1311 (132 175) (28 29))
(1312 (854 10) (26 28))
(1313 (816 768) (20 15))
(1314 (142 242) (20 23))
(1315 (169 104) (14 14))
(1316 (732 125) (22 12))
(1317 (296 391) (22 10))
(1318 (259 75) (24 17))
(1319 (510 922) (21 11))
(1320 (172 266) (11 13))
(1321 (895 566) (18 25))
(1322 (841 826) (22 12))
(1323 (205 384) (14 10))
(1324 (567 662) (12 20))
(1325 (253 971) (21 21))
(1326 (887 154) (23 17))
(1327 (29 830) (10 24))
(1328 (532 504) (12 17))
(1329 (445 930) (16 10))
(1330 (642 351) (22 14))
(1331 (584 753) (13 21))
(1332 (113 893) (13 24))
(1333 (109 350) (18 25))
(1334 (699 400) (15 20))
(1335 (963 664) (13 18))
(1336 (376 566) (20 29))
(1337 (775 762) (10 18))
(1338 (136 486) (13 10))
(1339 (638 333) (27 28))
(1340 (228 568) (27 19))
(1341 (334 600) (26 26))
(1342 (537 701) (25 12))
(1343 (40 800) (26 20))
(1344 (693 318) (11 24))
(1345 (883 392) (16 12))
(1346 (470 78) (12 13))
(1347 (209 900) (11 28))
(1348 (204 364) (24 12))
(1349 (533 414) (11 10))
(1350 (853 314) (22 25))
(1351 (543 467) (29 25))
(1352 (406 632) (11 27))
(1353 (743 209) (14 21)))
