93,18,74,26,98,52,94,23,15,2,34,75,13,31,39,76,96,16,84,12,38,27,8,85,86,43,4,79,57,19,40,59,14,21,35,0,90,11,32,17,78,83,54,42,66,82,99,45,55,63,24,5,89,46,80,49,3,48,67,47,50,60,81,51,71,33,72,6,9,30,56,20,77,29,28,69,25,36,91,92,65,22,62,58,64,88,10,7,87,41,44,37,73,70,68,97,61,95,53,1

97 18 90 62 17
98 88 49 41 74
66  9 83 69 91
33 57  3 71 43
11 50  7 10 28

 6 34 13  5  9
50 21 66 77  3
60 74 40 12 33
69 57 99 18 95
70 72 49 71 87

56 26 11 18 89
27 51 10 14  3
41 46 95 47 66
 2  1  9 74 84
 4 53 97 67 32

48 72 74 22 35
28 11  5 40 87
47 34 70 56 31
20 55 62 77  0
49 51  8 43 13

81 25 24 31 28
56 35 70 27 66
82 85 91 69 61
21 34 11  3 57
30 63  0 38 14

73 35 16  9 41
23 26 85 40 95
51 42  7 24 28
 8 99 68 44 36
58 53  2 49 25

93 58 70 30 68
21 96 88 81 26
34 59 86 29 46
14  6 53 39 44
98 57  3 13 60

30 75 57 36 80
 3 20 62 40 79
68 70 50 33 41
74 29 27 56 52
 9 59 78 10  8

52 55 47 89 19
44 10 97 34  7
16 87 26 48 41
45 68 63 77 23
29 31 54 40 69

24 68 76 30  0
98 56 37 14 91
19 51 34 80 88
35 73  3 59 93
26  1 36 21 74

 0 46 22 31  6
83 43 56 77 61
21 70 80 29 42
11 96 44 49 98
 9 81 63 41 74

90 39 48 75 52
78  7 27  8 86
 2 69 80 98 66
22 77 11 94 47
93 19 53 34 71

49 66 91 75 47
 1 19 28 17 46
 0 57 52 35 40
 4 34 39 78 61
31 88 16 21 37

95 53 71 51 57
61 43 27 12  4
20 40 26 36 35
60  1 15 42 48
58  0 94 66 76

17 30 15 42 21
20 37 74 99 38
69 67 86  6 72
98 55  1 12 87
 3 56 91 94 88

35 70 88 74 54
19 23 99 95  7
47 22 84 94 76
97 28 82  0  8
72 45 48 38 41

87 58 67 49 40
70 43 42 82 76
 4 18 92 91 48
84 20 50 32 71
44 23 65 31 69

63  8 47 38 62
71 58 29 57 48
93 20 56  5 98
96 87 17 40 60
78  6  9 55 95

82 47 48 59 44
34 36 75 26 87
 0 40 86 18 94
53  6 41 10 90
68 21 37 33 51

 6 64 62 31 47
 9 17 96 50 93
83 26 14 80  2
39 63 68 20  7
30 37 22 40 97

96 72 90 11 24
49  9 25 82 58
32 34 55 85 59
44  1 68 91 14
 5 98 21 84 27

64 33 38 82 49
45 23  0 18 39
71  7 87 41 93
 8 44 63 20 42
99 78 32 30 43

23 90 21  7 86
13  0 59 63 58
11 74 76 92 67
53 97 25 33 69
38 82 30 75 96

27  8 46 91  4
57 18 10 75 69
61 63 52 32 49
29 85  1 53 83
37 34 87 38 20

27 81 55 34 24
15 26 33 51 48
45 82 23 89 65
 0 70 47 14 46
99 72 40 83 95

38 64 54 73 99
88 51 24 45 96
92 52 21 39  2
30 55 50 65 61
 1 41 60 69 81

44  2 81 57 37
47 29 87 21 60
61 86 88 85 89
99 76 75 33 94
 6 65  5 34 72

49 53 93 56 71
15 32 41  6 12
79 20 19 67 60
92 30 35 26  7
54 10 88 90 43

92 12  8 79 60
68 16 76 29 88
67 19 70 89 75
63 94 43 83  3
42 73  4 25 86

20 98 78 68 55
 9 63 43 38 32
36 93 22 88 72
25 73 61 48 28
94 18  8 92 76

 1 43 45 83 48
38  6 64 69 12
86 91 15 78 54
27  3 99 95 96
11 77 10 98 47

21 54 31 24 66
55 64 67 39 41
70 63 65 56 80
58 12 45 16  1
 9 94 52 92 10

94 83 65 15  4
60 44  0 70 64
80 42 72 86 28
23 18 24 48 36
78 75 41 50 93

64 38 65 92 47
 5 69 33 46 96
 2 32 90 75 45
17 31 43  4 67
16  6 11 20 44

33 16 17 41 55
31 84 28 40 38
76 51  2 36  6
72 98  1 66 94
83 25 69 78 95

34 56 32 83 23
50 91 38 31 86
98 45 49 44 28
29 36 51 68 89
26 69 79 99 47

 2 51 74 83  7
24 14  9 82 69
54 36 20 95 27
26 22 68  5 99
18 91 31 56 76

19 89 56 27 23
90 72 44 66 73
20 42 85 53 37
52 31 71 82 28
54 40 49 87  2

89 48 84 58 67
19  5 65 83 26
 2 37 21 86 39
15 14 71 34 91
49 52 25  9 29

41 85 70 29 18
61 24  3 94 83
96 30 44 17 71
89 87 36 16 53
35 55  1 95 33

31 55  6 60 39
27 95 80  9 90
72 68 57 21 92
91 84 52 12 43
42 89 33 37 45

82 43 92 65 67
20 70 24 72 78
64 37 93 49 25
35 56 16 76 40
15 98 36 13 30

95 39 26 36 77
91 35 12 61 30
88 80 38 16 73
15 45  0 17 83
64 62  6 44 37

51  4 82 78 49
28 45 92 20 21
87 67 62 56 88
26 46 13 60 83
 6 17 97 47 39

64 91 13 49 72
23 92 35 19 61
55 12 74 93 71
94 41 16 65 36
70  3 67  4 45

67 16 14 23 62
79 97  9 41 76
70 55 93 47 64
89 66 78 25 27
49  7 30  3 46

67 37 36 53 98
 8 19 27 97 84
80 47 58 90 18
55 54 35 75 34
89 95 30 25  5

63 82 97 36 58
34 87  9 32 30
99 14 52 49 90
13 79 68  1  3
95 21 64 98 15

51  7  0 58 47
94  8 50  9 38
30 34 59 75 42
36 18 87 52 88
12 14 57 71 65

21 15 90 70 30
 5 83 49 67 98
28 76 52 27 62
23 73 17  7  1
80 56 65 81 31

 3 97 81 62 17
84 58 18  4 64
54 96 22 43 59
89 47 45 80 21
15 30 11 20 19

36 51 74 64 40
81 58  1 23 24
73 68  8 63 57
21 62 45 67 85
44 84 92 20 29

15 44 52 46 38
91 62 48 29 68
39 10 71 16 20
55 12 63 59 86
54 26  6 76 90

80 73 87 66 30
51 54  0  2 71
49 79 18 20 39
72  7 55 15 53
12 93 60 28 40

65 68 41 61 32
71 80 40 15  7
77  5  9 39 82
92 43 75 58 52
21 76 73 99 70

84 22 61 28 64
43 79 65 13 78
32 17 48 71 81
95 73 36 29 77
 1 19 98 93 37

61 55 72 69 12
80 34 28 53 67
22 68  7  3 97
56 79 47 86 51
17 62 19 48  0

77 80 76 48 34
35 24 13  5 51
94 27 92 86 56
75 69 65 52 62
 3 49 42 14 19

37 10 22 70 61
49 55  7 99  3
93 40 74 95 71
78  0 15 44 69
94 12 35 32  9

89 32 53  8 47
19 67 15  7  9
76 25 68 30 55
69 99 45 66 79
33  0 72  5 48

 4 77  9 25 24
92 48 41 11 43
85 83  7 66 60
 6 39 10 31 30
99 54 18 35 36

79 45 94 19  3
39 40 12 43 37
71 85 66 49 93
90 52 76 96  7
29 17 82 74 77

78  0 48 67 58
62 93 55 86 85
20 92 68 38 72
70 33 19 98 99
 1 51 89 16  3

26 56 35 16 29
50 91 14 21 46
88  1 78 12 84
24 22 77 87 49
81 37 90 23 73

24 23 47 38  6
43 61 82 60 59
94 17 41 35 74
25 36 78  5 39
88 63 44 45 32

 8 67  2 73 10
47 96 95  9 68
16 63  1 32 99
28 39 50 83 87
78 71 46 97  5

60 35 42 37  7
33 69 51 79 34
57 29 77 62  5
48 67 75 74 20
18 96 89 23 86

78 49 25 87 65
26 37 22 34 31
93 83 28 94 96
55 60 44 56 54
50 69 16 51 20

80 50 59 69 18
45 62 58 82 30
81 41 44 51  5
16 33 28 24 21
13 29 87 42 49

58 70 10 67 63
91 12 85 47 61
14 42 44 36 20
41  1 98  0 77
86 28 40 51 22

10 38 43 78  5
11 93 80 14 85
54 34 16 66  9
69 50 23  1 39
89 20 42 95 41

37 32 52 91 57
76 17 72 54 92
28 98 38  0 58
50 35 62 93 78
46 31 42  1 36

28 63 27 64 47
57 95  7 62 74
26 54 35 81 38
90 30 92 98 60
14 75 34 86 43

49 35 63 34 77
48 37 46 13 45
25 36 81 99 54
38 91 72 64 14
67 75 44 69 57

84 43 27 78 21
17 57 40 90 96
15 50 62 45 18
20 97  1 71 26
68 79 73 46 82

63 85 60  7 98
49 17 86 32 48
30 59 58 20 16
83  3 61 21 22
10 18 78 41 33

34 37 97 26 10
32 31 94 82 95
78 40 92 61 19
24  3 69 57 85
28 48 46 74  0

 0 93 38 35 85
58 84 60 57 25
14 43 17 39 15
81 82  4 96 88
47 66 49 99 67

27 48 10 81 89
30 35 79  2 97
18 64 19 57 78
76  1 94 33 53
34 66 74 49 90

55 39 12  3 24
89 97 36  2  6
26 27 32 62 67
91 53 95 69  7
13 33 84 65  4

21 98 54 88 19
49 23 29 77 44
66 41 96 95 32
13 63 65  5 60
47  7 92 37 42

92 76 56 60 78
73 25 46 58 64
68 14 55 10 13
59 26  9 40 51
36 97 66  6  7

 4 94 22  5 90
16 71 25  2 26
15 17 41 75 84
66 93 11 58 27
49 76 32 74 39

49 46 41 52 62
60 47 77 13 27
 6 40 59 11 10
53 97 82  9  1
14 67 88  4 61

97 13 24 39  3
 0 44 77 72 78
56 83 26 57 64
71  9 49 31 53
 5 81 62 90 19

82 48 13 29 18
20 15  4 65 50
56 14  0 61 28
97 49  7  2 12
26 57 80 84 30

93  9 21 36  5
62 80 90 76 97
15  8 49 66 28
47 35 58 10  3
77 12  1 39 33

78 82 80 58  1
98 88  5 21 40
92 99 91 96 67
69  4 72 38 71
22 31 70 14  3

40 99 73 48 70
78 26 97 39 65
59 60 62 43 67
82 10 90 49 71
19 85 25 58 13

18 99 28  9 48
92 79 96 51 82
29 68 50 93 94
60 86 80 77 83
61 97 75 30  5

26 58 70 25 95
54  2 47 81 56
64 76 75 72 60
79 30 11 40 85
57 62 90 49 45

77 35 29 96 68
97 75 50 64 13
86 33 23 84 37
 2 39 92 65 71
 9 10 94 46 41

33  7 57  8  3
38  4 59 78 75
25 97 74 29 14
92 77 72  6 48
94 37 99 16 54

65 97  9 28 40
80  6 53 75 57
68 79 25 69 92
62 90 36  5 70
67 27 52 46 26

81 10 64 99 89
 0 92 80 16 84
75 22 94 23 40
49 55 65 43 30
 4 48 58 34 69

45 13 28 42 72
21 54 59 22 27
15 14 56 10 68
67 41 81 83  8
98 51 43 95 89

54 41 36 75 96
77 71 34 67 62
27 90 93 20 58
57 89 85 92 22
32 50 88 69 48

75 12 11 91 56
82 22 18 77 10
85  1 13 89 31
62 69 39  5 92
16 49 21 60 64

 1 95 70 10 87
64 15  6 75 88
45 46 72 82 32
58 24  3 99 21
81 17 28 53 34

26 81  4 49 13
97  0 44 92 72
52  2 54  3 23
41 33 98 75  9
22 96 21 12 65
